# h5parm, ra, dec, RS208HBA, DE602HBA, DE603HBA, DE604HBA, DE605HBA, FR606HBA, RS106HBA, RS205HBA, DE601HBA, RS210HBA, RS305HBA, RS306HBA, RS307HBA, RS310HBA, RS406HBA, RS407HBA, RS409HBA, RS503HBA, RS508HBA, RS509HBA, SE607HBA, ST001, UK608HBA
/data5/sean/home/github/lb-loop-2/iltj132737.2+550406.2a.h5, 212.09500122070312, 52.06837844848633, 0, 1, 0, 1, 0, 1, 0, 1, 0, 1, 0, 1, 0, 1, 0, 1, 0, 1, 0, 1, 0, 1, 0
/data5/sean/home/github/lb-loop-2/iltj132737.2+550406.2b.h5, 213.09500122070312, 52.06837844848633, 1, 0, 1, 0, 1, 0, 1, 0, 1, 0, 1, 0, 1, 0, 1, 0, 1, 0, 1, 0, 1, 0, 1
/data5/sean/home/github/lb-loop-2/ltj132737.2+550406.2c.h5, -148.095001221, 55.0683784485, 1, 0, 0, 0, 0, 0, 0, 0, 0, 0, 0, 0, 0, 0, 0, 0, 1, 0, 1, 1, 0, 0, 0
/data5/sean/home/github/lb-loop-2/tj132737.2+550406.2d.h5, -138.095001221, 55.0683784485, 1, 0, 0, 0, 0, 0, 0, 0, 0, 0, 0, 0, 0, 0, 0, 0, 1, 0, 1, 1, 0, 0, 0
/data5/sean/home/github/lb-loop-2/j132737.2+550406.2e.h5, -158.095001221, 56.0683784485, 1, 0, 0, 0, 0, 0, 0, 0, 0, 0, 0, 0, 0, 0, 0, 0, 1, 0, 1, 1, 0, 0, 0
/data5/sean/home/github/lb-loop-2/32737.2+550406.2f.h5, -158.095001221, 59.0683784485, 1, 0, 0, 0, 0, 0, 0, 0, 0, 0, 0, 0, 0, 0, 0, 0, 1, 0, 1, 1, 0, 0, 0
/data5/sean/home/github/lb-loop-2/32737.2+550406.2g.h5, -158.095001221, 65.0683784485, 1, 0, 0, 0, 0, 0, 0, 0, 0, 0, 0, 0, 0, 0, 0, 0, 1, 0, 1, 1, 0, 0, 0
/data5/sean/home/github/lb-loop-2/2737.2+550406.2h.h5, -158.095001221, 85.0683784485, 1, 0, 0, 0, 0, 0, 0, 0, 0, 0, 0, 0, 0, 0, 0, 0, 1, 0, 1, 1, 0, 0, 0
/data5/sean/home/github/lb-loop-2/iltj132737.2+550406.2i.h5, -158.095001221, 5.0683784485, 1, 0, 0, 0, 0, 0, 0, 0, 0, 0, 0, 0, 0, 0, 0, 0, 1, 0, 1, 1, 0, 0, 0
